trial_id,run_id,ObjectSpace,condition,image_file,iti,sampled_f0,sampled_f1,trial_duration_max,img_onset,img_dur,isi1_dur,isi1_type,dec_onset_est,max_dec_dur,isi2_dur,isi2_type,fb_dur
0,1,22,Incongruent,13b_0.918_0.735.png,2.6363167762756348,0.916,0.736,8.12062692642212,0.0,1.0,2.324134588241577,hidden,3.324134588241577,2.0,1.796492338180542,fixation,1.0
1,1,3,Medium,3_0.408_0.429.png,2.374805450439453,0.416,0.422,8.185180425643921,10.756943702697754,1.0,2.324134588241577,hidden,14.08107852935791,2.0,1.8610458374023438,fixation,1.0
2,1,18,Congruent,18_0.531_0.327.png,3.005002737045288,0.537,0.335,7.527761340141296,21.31692886352539,1.0,1.9021888971328735,hidden,24.219118118286133,2.0,1.6255724430084229,fixation,1.0
3,1,2,Congruent,2_0.571_0.224.png,3.005002737045288,0.579,0.228,8.2059828042984,31.849693298339844,1.0,2.324134588241577,hidden,35.173828125,2.0,1.8818482160568237,fixation,1.0
4,1,1,Incongruent,1_0.612_0.286.png,3.005002737045288,0.619,0.291,8.009197115898132,43.0606803894043,1.0,2.033738613128662,hidden,46.094417572021484,2.0,1.9754585027694702,fixation,1.0
5,1,9,Congruent,9_0.367_0.490.png,3.005002737045288,0.374,0.482,8.293869614601135,54.07487869262695,1.0,1.969735026359558,hidden,57.044612884521484,2.0,2.324134588241577,fixation,1.0
6,1,8,Medium,8_0.796_0.408.png,2.322563648223877,0.804,0.406,8.02486777305603,65.37374877929688,1.0,1.7007331848144531,hidden,68.0744857788086,2.0,2.324134588241577,fixation,1.0
7,1,11,Incongruent,11_0.286_0.571.png,3.005002737045288,0.282,0.565,8.351952314376831,75.72118377685547,1.0,2.027817726135254,hidden,78.7490005493164,2.0,2.324134588241577,fixation,1.0
8,1,20,Medium,20_1.000_0.245.png,2.9319539070129395,1.0,0.246,7.619969129562378,87.07814025878906,1.0,1.9152095317840576,hidden,89.99334716796875,2.0,1.7047595977783203,fixation,1.0
9,1,9,Congruent,9_0.286_0.143.png,2.52740740776062,0.294,0.136,8.437732458114624,97.63005828857422,1.0,2.282139778137207,hidden,100.91220092773438,2.0,2.155592679977417,fixation,1.0
10,1,1,Incongruent,1_0.714_0.612.png,3.005002737045288,0.721,0.619,8.648269176483154,108.59519958496094,1.0,2.324134588241577,hidden,111.9193344116211,2.0,2.324134588241577,fixation,1.0
11,1,11,Incongruent,11_0.102_0.837.png,2.9583311080932617,0.111,0.845,7.380818605422974,120.24847412109375,1.0,1.7444556951522827,hidden,122.99292755126953,2.0,1.636362910270691,fixation,1.0
12,1,8,Medium,8_0.469_0.592.png,2.6458659172058105,0.461,0.591,7.82668936252594,130.58761596679688,1.0,2.1799182891845703,hidden,133.76754760742188,2.0,1.6467710733413696,fixation,1.0
13,1,9,Congruent,9_0.286_0.490.png,3.005002737045288,0.284,0.483,8.648269176483154,141.0601806640625,1.0,2.324134588241577,hidden,144.38430786132812,2.0,2.324134588241577,fixation,1.0
14,1,2,Congruent,2_0.551_0.388.png,2.362577199935913,0.546,0.389,8.648269176483154,152.7134552001953,1.0,2.324134588241577,hidden,156.03758239746094,2.0,2.324134588241577,fixation,1.0
15,1,8,Medium,8_0.510_0.245.png,3.005002737045288,0.52,0.251,8.565393686294556,163.7242889404297,1.0,2.324134588241577,hidden,167.04843139648438,2.0,2.2412590980529785,fixation,1.0
16,1,20,Medium,20_0.204_0.000.png,3.005002737045288,0.211,0.009,8.648269176483154,175.29469299316406,1.0,2.324134588241577,hidden,178.6188201904297,2.0,2.324134588241577,fixation,1.0
17,1,22,Incongruent,13b_0.714_0.510.png,3.005002737045288,0.714,0.507,8.051421284675598,186.94796752929688,1.0,1.727286696434021,hidden,189.6752471923828,2.0,2.324134588241577,fixation,1.0
18,1,18,Congruent,18_0.020_0.143.png,3.005002737045288,0.02,0.142,8.648269176483154,198.00439453125,1.0,2.324134588241577,hidden,201.32852172851562,2.0,2.324134588241577,fixation,1.0
19,1,20,Medium,20_0.571_0.163.png,3.005002737045288,0.562,0.157,8.20285427570343,209.65765380859375,1.0,1.878719687461853,hidden,212.536376953125,2.0,2.324134588241577,fixation,1.0
20,1,18,Congruent,18_0.449_0.449.png,3.005002737045288,0.456,0.44,8.027740955352783,220.8655242919922,1.0,2.3171639442443848,hidden,224.18267822265625,2.0,1.7105770111083984,fixation,1.0
21,1,3,Medium,3_0.551_0.449.png,2.6243059635162354,0.55,0.453,8.569547176361084,231.89825439453125,1.0,2.324134588241577,hidden,235.22239685058594,2.0,2.245412588119507,fixation,1.0
22,1,8,Medium,8_0.653_0.918.png,2.9168314933776855,0.648,0.913,8.304530501365662,243.0921173095703,1.0,1.9894152879714966,hidden,246.08152770996094,2.0,2.315115213394165,fixation,1.0
23,1,3,Medium,3_0.490_0.184.png,3.005002737045288,0.499,0.187,8.596517562866211,254.3134765625,1.0,2.272382974624634,hidden,257.5858459472656,2.0,2.324134588241577,fixation,1.0
24,1,1,Incongruent,1_0.612_0.224.png,3.005002737045288,0.622,0.226,8.089885830879211,265.9150085449219,1.0,2.324134588241577,hidden,269.2391357421875,2.0,1.7657512426376343,fixation,1.0
25,1,2,Congruent,2_0.816_0.347.png,3.005002737045288,0.824,0.342,8.23371136188507,277.0098876953125,1.0,1.9095767736434937,hidden,279.9194641113281,2.0,2.324134588241577,fixation,1.0
26,1,20,Medium,20_0.776_0.755.png,3.005002737045288,0.781,0.755,8.19258451461792,288.24859619140625,1.0,1.8684499263763428,hidden,291.1170349121094,2.0,2.324134588241577,fixation,1.0
27,1,11,Incongruent,11_0.612_0.469.png,3.005002737045288,0.609,0.46,8.648269176483154,299.4461975097656,1.0,2.324134588241577,hidden,302.77032470703125,2.0,2.324134588241577,fixation,1.0
28,1,22,Incongruent,13b_0.898_0.857.png,3.005002737045288,0.892,0.863,8.002200961112976,311.0994567871094,1.0,1.678066372871399,hidden,313.77752685546875,2.0,2.324134588241577,fixation,1.0
29,1,2,Congruent,2_0.673_0.143.png,2.6125645637512207,0.667,0.149,8.648269176483154,322.1066589355469,1.0,2.324134588241577,hidden,325.4307861328125,2.0,2.324134588241577,fixation,1.0
30,2,3,Medium,3_0.551_0.245.png,3.005002737045288,0.561,0.244,8.075308084487915,0.0,1.0,2.324134588241577,hidden,3.324134588241577,2.0,1.751173496246338,fixation,1.0
31,2,1,Incongruent,1_0.796_0.306.png,2.399273157119751,0.794,0.313,8.648269176483154,11.080310821533203,1.0,2.324134588241577,hidden,14.40444564819336,2.0,2.324134588241577,fixation,1.0
32,2,11,Incongruent,11_0.082_0.633.png,3.005002737045288,0.079,0.634,8.270076036453247,22.127853393554688,1.0,2.324134588241577,hidden,25.451988220214844,2.0,1.94594144821167,fixation,1.0
33,2,9,Congruent,9_0.367_0.551.png,3.005002737045288,0.364,0.541,8.08153510093689,33.402931213378906,1.0,1.7574005126953125,hidden,36.16033172607422,2.0,2.324134588241577,fixation,1.0
34,2,22,Incongruent,13b_0.388_0.551.png,3.005002737045288,0.391,0.561,7.599836349487305,44.489471435546875,1.0,1.8684347867965698,hidden,47.357906341552734,2.0,1.7314015626907349,fixation,1.0
35,2,18,Congruent,18_0.204_0.143.png,2.742431402206421,0.196,0.148,8.06900703907013,55.09430694580078,1.0,2.324134588241577,hidden,58.41844177246094,2.0,1.7448724508285522,fixation,1.0
36,2,2,Congruent,2_0.816_0.245.png,3.005002737045288,0.819,0.245,8.170493841171265,65.90574645996094,1.0,1.8577842712402344,hidden,68.76353454589844,2.0,2.3127095699310303,fixation,1.0
37,2,8,Medium,8_0.347_0.531.png,3.005002737045288,0.355,0.526,7.798051357269287,77.08124542236328,1.0,2.1950948238372803,hidden,80.27633666992188,2.0,1.6029565334320068,fixation,1.0
38,2,18,Congruent,18_0.469_0.531.png,2.576988697052002,0.463,0.538,7.8496787548065186,87.8843002319336,1.0,2.1131069660186768,hidden,90.99740600585938,2.0,1.7365717887878418,fixation,1.0
39,2,20,Medium,20_0.367_0.327.png,3.005002737045288,0.361,0.336,8.07349705696106,98.31096649169922,1.0,2.218844413757324,hidden,101.5298080444336,2.0,1.8546526432037354,fixation,1.0
40,2,22,Incongruent,13b_0.571_0.429.png,2.976128101348877,0.566,0.436,8.648269176483154,109.38946533203125,1.0,2.324134588241577,hidden,112.7136001586914,2.0,2.324134588241577,fixation,1.0
41,2,9,Congruent,9_0.327_0.245.png,3.005002737045288,0.332,0.255,8.648269176483154,121.01386260986328,1.0,2.324134588241577,hidden,124.33799743652344,2.0,2.324134588241577,fixation,1.0
42,2,8,Medium,8_0.490_1.000.png,3.005002737045288,0.484,1.0,8.648269176483154,132.66712951660156,1.0,2.324134588241577,hidden,135.99127197265625,2.0,2.324134588241577,fixation,1.0
43,2,1,Incongruent,1_0.531_0.041.png,3.005002737045288,0.524,0.046,8.076868414878845,144.32040405273438,1.0,2.324134588241577,hidden,147.64454650878906,2.0,1.752733826637268,fixation,1.0
44,2,11,Incongruent,11_0.592_0.878.png,3.005002737045288,0.595,0.869,7.9583128690719604,155.40228271484375,1.0,2.324134588241577,hidden,158.72640991210938,2.0,1.6341782808303833,fixation,1.0
45,2,2,Congruent,2_0.735_0.102.png,2.814927577972412,0.736,0.101,8.648269176483154,166.3656005859375,1.0,2.324134588241577,hidden,169.68972778320312,2.0,2.324134588241577,fixation,1.0
46,2,9,Congruent,9_0.878_0.551.png,3.005002737045288,0.868,0.557,8.550176858901978,177.82879638671875,1.0,2.2260422706604004,hidden,181.05482482910156,2.0,2.324134588241577,fixation,1.0
47,2,20,Medium,20_0.898_0.143.png,2.890629291534424,0.905,0.135,8.362483024597168,189.38397216796875,1.0,2.324134588241577,hidden,192.70809936523438,2.0,2.038348436355591,fixation,1.0
48,2,8,Medium,8_0.469_0.694.png,3.005002737045288,0.467,0.686,8.192699193954468,200.6370849609375,1.0,2.324134588241577,hidden,203.96121215820312,2.0,1.8685646057128906,fixation,1.0
49,2,18,Congruent,18_0.449_0.204.png,3.005002737045288,0.455,0.209,8.093515276908875,211.83477783203125,1.0,1.7693806886672974,hidden,214.6041717529297,2.0,2.324134588241577,fixation,1.0
50,2,20,Medium,20_0.878_0.143.png,3.005002737045288,0.871,0.15,8.208441615104675,222.9333038330078,1.0,1.8843070268630981,hidden,225.81761169433594,2.0,2.324134588241577,fixation,1.0
51,2,22,Incongruent,13b_0.735_0.755.png,2.357677698135376,0.731,0.746,8.078554034233093,234.14674377441406,1.0,2.324134588241577,hidden,237.47088623046875,2.0,1.7544194459915161,fixation,1.0
52,2,2,Congruent,2_0.653_0.102.png,3.005002737045288,0.661,0.106,8.509047031402588,244.58297729492188,1.0,2.324134588241577,hidden,247.90711975097656,2.0,2.1849124431610107,fixation,1.0
53,2,3,Medium,3_0.367_0.388.png,3.005002737045288,0.366,0.389,8.53800106048584,256.0970153808594,1.0,2.2138664722442627,hidden,259.3108825683594,2.0,2.324134588241577,fixation,1.0
54,2,2,Congruent,2_0.857_0.143.png,3.005002737045288,0.851,0.137,8.1066312789917,267.6400451660156,1.0,2.324134588241577,hidden,270.96417236328125,2.0,1.782496690750122,fixation,1.0
55,2,11,Incongruent,11_0.306_0.878.png,3.005002737045288,0.316,0.888,8.629942178726196,278.7516784667969,1.0,2.324134588241577,hidden,282.0758056640625,2.0,2.305807590484619,fixation,1.0
56,2,9,Congruent,9_0.408_0.571.png,3.005002737045288,0.401,0.561,7.9667664766311646,290.3865966796875,1.0,1.6426318883895874,hidden,293.02923583984375,2.0,2.324134588241577,fixation,1.0
57,2,18,Congruent,18_0.000_0.265.png,3.005002737045288,0.0,0.268,8.304543375968933,301.3583679199219,1.0,1.980408787727356,hidden,304.3387756347656,2.0,2.324134588241577,fixation,1.0
58,2,1,Incongruent,1_0.714_0.612.png,3.005002737045288,0.712,0.622,8.293845295906067,312.6679382324219,1.0,2.324134588241577,hidden,315.9920654296875,2.0,1.9697107076644897,fixation,1.0
59,2,3,Medium,3_0.143_0.571.png,3.005002737045288,0.149,0.572,7.991541028022766,323.9667663574219,1.0,2.289665937423706,hidden,327.2564392089844,2.0,1.70187509059906,fixation,1.0
60,3,8,Medium,8_0.612_0.694.png,3.005002737045288,0.613,0.696,8.35506820678711,0.0,1.0,2.324134588241577,hidden,3.324134588241577,2.0,2.0309336185455322,fixation,1.0
61,3,9,Congruent,9_0.367_0.020.png,2.304172992706299,0.364,0.012,8.648269176483154,11.360071182250977,1.0,2.324134588241577,hidden,14.684206008911133,2.0,2.324134588241577,fixation,1.0
62,3,18,Congruent,18_0.122_0.469.png,3.005002737045288,0.127,0.463,8.371280908584595,22.31251335144043,1.0,2.324134588241577,hidden,25.636648178100586,2.0,2.0471463203430176,fixation,1.0
63,3,20,Medium,20_0.796_0.265.png,2.533053159713745,0.786,0.262,8.648269176483154,33.68879699707031,1.0,2.324134588241577,hidden,37.01293182373047,2.0,2.324134588241577,fixation,1.0
64,3,2,Congruent,2_0.571_0.551.png,2.3709044456481934,0.57,0.545,8.474262475967407,44.8701171875,1.0,2.15012788772583,hidden,48.02024841308594,2.0,2.324134588241577,fixation,1.0
65,3,20,Medium,20_0.551_0.204.png,3.005002737045288,0.549,0.201,8.648269176483154,55.71528625488281,1.0,2.324134588241577,hidden,59.03942108154297,2.0,2.324134588241577,fixation,1.0
66,3,22,Incongruent,13b_0.571_0.776.png,3.005002737045288,0.574,0.782,8.035579681396484,67.36856079101562,1.0,2.1291985511779785,hidden,70.49775695800781,2.0,1.9063811302185059,fixation,1.0
67,3,8,Medium,8_0.592_0.653.png,2.3822853565216064,0.591,0.66,7.981839418411255,78.40914154052734,1.0,2.324134588241577,hidden,81.7332763671875,2.0,1.6577048301696777,fixation,1.0
68,3,9,Congruent,9_0.163_0.633.png,2.329725980758667,0.169,0.633,8.584691524505615,88.77326202392578,1.0,2.324134588241577,hidden,92.09739685058594,2.0,2.260556936264038,fixation,1.0
69,3,2,Congruent,2_0.612_0.571.png,2.4014413356781006,0.604,0.563,8.039268374443054,99.68768310546875,1.0,2.324134588241577,hidden,103.0118179321289,2.0,1.715133786201477,fixation,1.0
70,3,11,Incongruent,11_0.122_0.510.png,3.005002737045288,0.116,0.513,8.389394521713257,110.1283950805664,1.0,2.324134588241577,hidden,113.45252990722656,2.0,2.0652599334716797,fixation,1.0
71,3,8,Medium,8_0.429_0.653.png,3.005002737045288,0.428,0.661,8.580600023269653,121.52278900146484,1.0,2.256465435028076,hidden,124.77925872802734,2.0,2.324134588241577,fixation,1.0
72,3,2,Congruent,2_0.633_0.408.png,3.005002737045288,0.628,0.399,8.161630749702454,133.1083984375,1.0,2.1688790321350098,hidden,136.2772674560547,2.0,1.9927517175674438,fixation,1.0
73,3,8,Medium,8_0.816_0.347.png,3.005002737045288,0.823,0.355,8.117140889167786,144.2750244140625,1.0,2.324134588241577,hidden,147.5991668701172,2.0,1.7930063009262085,fixation,1.0
74,3,18,Congruent,18_0.000_0.510.png,3.005002737045288,0.0,0.505,7.371101379394531,155.3971710205078,1.0,1.6154741048812866,hidden,158.0126495361328,2.0,1.7556272745132446,fixation,1.0
75,3,1,Incongruent,1_0.980_0.531.png,3.005002737045288,0.97,0.522,8.034240365028381,165.7732696533203,1.0,2.324134588241577,hidden,169.097412109375,2.0,1.7101057767868042,fixation,1.0
76,3,3,Medium,3_0.306_0.367.png,3.005002737045288,0.305,0.376,8.0599764585495,176.81251525878906,1.0,1.7358418703079224,hidden,179.54835510253906,2.0,2.324134588241577,fixation,1.0
77,3,18,Congruent,18_0.306_0.327.png,3.005002737045288,0.297,0.325,8.359331369400024,187.87750244140625,1.0,2.324134588241577,hidden,191.20162963867188,2.0,2.0351967811584473,fixation,1.0
78,3,11,Incongruent,11_0.163_0.653.png,3.005002737045288,0.162,0.659,8.159953594207764,199.24183654785156,1.0,2.0526018142700195,hidden,202.29443359375,2.0,2.107351779937744,fixation,1.0
79,3,22,Incongruent,13b_0.898_0.490.png,3.005002737045288,0.894,0.495,8.261865735054016,210.4067840576172,1.0,2.324134588241577,hidden,213.73092651367188,2.0,1.937731146812439,fixation,1.0
80,3,20,Medium,20_0.918_0.020.png,2.7759058475494385,0.917,0.02,8.362930297851562,221.6736602783203,1.0,2.324134588241577,hidden,224.99778747558594,2.0,2.0387957096099854,fixation,1.0
81,3,3,Medium,3_0.204_0.000.png,2.6608169078826904,0.21,0.0,8.368305921554565,232.81248474121094,1.0,2.0441713333129883,hidden,235.85665893554688,2.0,2.324134588241577,fixation,1.0
82,3,22,Incongruent,13b_0.490_0.735.png,2.3784658908843994,0.491,0.728,7.787757396697998,243.84161376953125,1.0,1.692026138305664,hidden,246.5336456298828,2.0,2.095731258392334,fixation,1.0
83,3,9,Congruent,9_0.102_0.286.png,3.005002737045288,0.111,0.287,8.648269176483154,254.00784301757812,1.0,2.324134588241577,hidden,257.33197021484375,2.0,2.324134588241577,fixation,1.0
84,3,1,Incongruent,1_0.633_0.082.png,2.7013072967529297,0.636,0.088,8.648269176483154,265.6611022949219,1.0,2.324134588241577,hidden,268.9852294921875,2.0,2.324134588241577,fixation,1.0
85,3,11,Incongruent,11_0.306_0.755.png,3.005002737045288,0.296,0.761,7.4692124128341675,277.01068115234375,1.0,1.6527830362319946,hidden,279.6634826660156,2.0,1.8164293766021729,fixation,1.0
86,3,3,Medium,3_0.367_0.449.png,2.922938346862793,0.367,0.449,8.39340353012085,287.4848937988281,1.0,2.0692689418792725,hidden,290.5541687011719,2.0,2.324134588241577,fixation,1.0
87,3,20,Medium,20_0.347_0.082.png,3.005002737045288,0.348,0.085,8.648269176483154,298.8012390136719,1.0,2.324134588241577,hidden,302.1253662109375,2.0,2.324134588241577,fixation,1.0
88,3,1,Incongruent,1_0.306_0.122.png,2.5913209915161133,0.312,0.129,7.95385479927063,310.45452880859375,1.0,2.324134588241577,hidden,313.7786560058594,2.0,1.6297202110290527,fixation,1.0
89,3,22,Incongruent,13b_0.510_0.551.png,3.005002737045288,0.514,0.544,8.392078638076782,320.99969482421875,1.0,2.067944049835205,hidden,324.067626953125,2.0,2.324134588241577,fixation,1.0
90,4,9,Congruent,9_0.408_0.265.png,3.005002737045288,0.401,0.261,8.202598690986633,0.0,1.0,2.324134588241577,hidden,3.324134588241577,2.0,1.8784641027450562,fixation,1.0
91,4,3,Medium,3_0.367_0.041.png,3.005002737045288,0.359,0.043,8.022556900978088,11.207601547241211,1.0,1.6984223127365112,hidden,13.906023979187012,2.0,2.324134588241577,fixation,1.0
92,4,20,Medium,20_0.531_0.449.png,3.005002737045288,0.539,0.458,8.33661961555481,22.23516082763672,1.0,2.0124850273132324,hidden,25.24764633178711,2.0,2.324134588241577,fixation,1.0
93,4,2,Congruent,2_0.592_0.408.png,2.33425235748291,0.589,0.399,8.330413103103638,33.5767822265625,1.0,2.0062785148620605,hidden,36.58306121826172,2.0,2.324134588241577,fixation,1.0
94,4,11,Incongruent,11_0.265_0.612.png,3.005002737045288,0.262,0.622,7.555337190628052,44.24144744873047,1.0,1.7396156787872314,hidden,46.98106384277344,2.0,1.8157215118408203,fixation,1.0
95,4,1,Incongruent,1_0.735_0.327.png,2.325594902038574,0.734,0.318,8.622259140014648,54.801788330078125,1.0,2.2981245517730713,hidden,58.09991455078125,2.0,2.324134588241577,fixation,1.0
96,4,18,Congruent,18_0.061_0.306.png,3.005002737045288,0.059,0.297,8.225163578987122,65.74964141845703,1.0,1.9010289907455444,hidden,68.65067291259766,2.0,2.324134588241577,fixation,1.0
97,4,20,Medium,20_0.347_0.184.png,2.9148690700531006,0.352,0.191,8.28650176525116,76.97981262207031,1.0,1.9623671770095825,hidden,79.94217681884766,2.0,2.324134588241577,fixation,1.0
98,4,2,Congruent,2_0.735_0.143.png,3.005002737045288,0.743,0.141,8.010268330574036,88.18118286132812,1.0,2.194493293762207,hidden,91.37567138671875,2.0,1.8157750368118286,fixation,1.0
99,4,11,Incongruent,11_0.388_0.490.png,2.67216157913208,0.393,0.498,8.348760604858398,99.19644927978516,1.0,2.0246260166168213,hidden,102.22107696533203,2.0,2.324134588241577,fixation,1.0
100,4,3,Medium,3_0.367_0.143.png,2.428230047225952,0.374,0.15,8.541285037994385,110.21737670898438,1.0,2.2171504497528076,hidden,113.43452453613281,2.0,2.324134588241577,fixation,1.0
101,4,2,Congruent,2_0.469_0.531.png,3.005002737045288,0.473,0.523,8.50547742843628,121.1868896484375,1.0,2.324134588241577,hidden,124.51102447509766,2.0,2.181342840194702,fixation,1.0
102,4,11,Incongruent,11_0.367_0.571.png,3.005002737045288,0.363,0.564,7.993664860725403,132.69737243652344,1.0,1.8548945188522339,hidden,135.55226135253906,2.0,2.138770341873169,fixation,1.0
103,4,9,Congruent,9_0.122_0.143.png,3.005002737045288,0.127,0.151,8.317222952842712,143.69602966308594,1.0,1.9930883646011353,hidden,146.68911743164062,2.0,2.324134588241577,fixation,1.0
104,4,3,Medium,3_0.510_0.204.png,2.460360050201416,0.501,0.195,8.369373798370361,155.0182647705078,1.0,2.045239210128784,hidden,158.06350708007812,2.0,2.324134588241577,fixation,1.0
105,4,8,Medium,8_0.592_0.694.png,2.7277257442474365,0.596,0.687,7.623080849647522,165.84799194335938,1.0,1.9322508573532104,hidden,168.78024291992188,2.0,1.6908299922943115,fixation,1.0
106,4,22,Incongruent,13b_0.490_0.408.png,3.005002737045288,0.489,0.411,8.511243104934692,176.1988067626953,1.0,2.1871085166931152,hidden,179.3859100341797,2.0,2.324134588241577,fixation,1.0
107,4,1,Incongruent,1_1.000_0.633.png,3.005002737045288,0.994,0.632,8.141319870948792,187.7150421142578,1.0,1.8171852827072144,hidden,190.5322265625,2.0,2.324134588241577,fixation,1.0
108,4,18,Congruent,18_0.408_0.388.png,3.005002737045288,0.404,0.395,8.43567943572998,198.8613739013672,1.0,2.324134588241577,hidden,202.1855010986328,2.0,2.1115448474884033,fixation,1.0
109,4,11,Incongruent,11_0.204_0.633.png,2.9123713970184326,0.211,0.641,8.55902099609375,210.3020477294922,1.0,2.234886407852173,hidden,213.5369415283203,2.0,2.324134588241577,fixation,1.0
110,4,1,Incongruent,1_0.347_0.102.png,3.005002737045288,0.342,0.107,7.990356802940369,221.77345275878906,1.0,2.324134588241577,hidden,225.0975799560547,2.0,1.6662222146987915,fixation,1.0
111,4,22,Incongruent,13b_0.939_0.367.png,3.005002737045288,0.934,0.363,8.568224430084229,232.768798828125,1.0,2.324134588241577,hidden,236.0929412841797,2.0,2.2440898418426514,fixation,1.0
112,4,8,Medium,8_0.510_0.490.png,3.005002737045288,0.514,0.497,8.292545080184937,244.34202575683594,1.0,1.9684104919433594,hidden,247.31044006347656,2.0,2.324134588241577,fixation,1.0
113,4,20,Medium,20_0.531_0.265.png,3.005002737045288,0.533,0.26,8.468448162078857,255.63958740234375,1.0,2.2200894355773926,hidden,258.85968017578125,2.0,2.248358726501465,fixation,1.0
114,4,9,Congruent,9_0.265_0.429.png,2.972755193710327,0.271,0.434,8.429378509521484,267.113037109375,1.0,2.324134588241577,hidden,270.4371643066406,2.0,2.1052439212799072,fixation,1.0
115,4,8,Medium,8_0.612_0.673.png,3.005002737045288,0.618,0.671,8.231446623802185,278.5151672363281,1.0,1.907312035560608,hidden,281.4224853515625,2.0,2.324134588241577,fixation,1.0
116,4,3,Medium,3_0.551_0.347.png,2.961146831512451,0.552,0.344,8.432893514633179,289.7516174316406,1.0,2.192678928375244,hidden,292.9443054199219,2.0,2.2402145862579346,fixation,1.0
117,4,18,Congruent,18_0.429_0.490.png,3.005002737045288,0.421,0.491,8.325196743011475,301.1456604003906,1.0,2.0010621547698975,hidden,304.146728515625,2.0,2.324134588241577,fixation,1.0
118,4,3,Medium,3_0.306_0.449.png,2.5748815536499023,0.307,0.442,8.648269176483154,312.4758605957031,1.0,2.324134588241577,hidden,315.79998779296875,2.0,2.324134588241577,fixation,1.0
119,4,22,Incongruent,13b_0.694_0.449.png,2.843442916870117,0.691,0.455,8.37929368019104,323.6990051269531,1.0,2.324134588241577,hidden,327.02313232421875,2.0,2.055159091949463,fixation,1.0
120,5,1,Incongruent,1_0.592_0.020.png,3.005002737045288,0.583,0.011,8.320794939994812,0.0,1.0,1.9966603517532349,hidden,2.9966602325439453,2.0,2.324134588241577,fixation,1.0
121,5,18,Congruent,18_0.265_0.510.png,3.005002737045288,0.255,0.51,7.7809776067733765,11.325798034667969,1.0,1.710532784461975,hidden,14.036330223083496,2.0,2.0704448223114014,fixation,1.0
122,5,22,Incongruent,13b_0.367_0.837.png,3.005002737045288,0.373,0.839,8.648269176483154,22.111778259277344,1.0,2.324134588241577,hidden,25.4359130859375,2.0,2.324134588241577,fixation,1.0
123,5,2,Congruent,2_0.714_0.000.png,3.005002737045288,0.719,0.0,7.582247972488403,33.76504898071289,1.0,1.7429041862487793,hidden,36.50795364379883,2.0,1.839343786239624,fixation,1.0
124,5,18,Congruent,18_0.224_0.347.png,2.488435983657837,0.217,0.345,8.037384629249573,44.35230255126953,1.0,1.7132500410079956,hidden,47.0655517578125,2.0,2.324134588241577,fixation,1.0
125,5,22,Incongruent,13b_0.551_0.224.png,3.005002737045288,0.547,0.233,8.648269176483154,54.87812042236328,1.0,2.324134588241577,hidden,58.20225524902344,2.0,2.324134588241577,fixation,1.0
126,5,3,Medium,3_0.347_0.204.png,2.7218801975250244,0.347,0.204,8.355751752853394,66.5313949584961,1.0,2.0316171646118164,hidden,69.5630111694336,2.0,2.324134588241577,fixation,1.0
127,5,20,Medium,20_0.735_0.408.png,2.537696599960327,0.735,0.403,8.312032699584961,77.60902404785156,1.0,1.9878981113433838,hidden,80.596923828125,2.0,2.324134588241577,fixation,1.0
128,5,11,Incongruent,11_0.204_0.531.png,3.005002737045288,0.2,0.525,7.897144079208374,88.45875549316406,1.0,1.8045008182525635,hidden,91.26325225830078,2.0,2.0926432609558105,fixation,1.0
129,5,9,Congruent,9_0.245_0.041.png,3.005002737045288,0.252,0.04,7.931061029434204,99.36090087890625,1.0,1.606926441192627,hidden,101.96782684326172,2.0,2.324134588241577,fixation,1.0
130,5,20,Medium,20_0.714_0.429.png,3.005002737045288,0.713,0.421,7.853984236717224,110.29696655273438,1.0,1.7727841138839722,hidden,113.06974792480469,2.0,2.081200122833252,fixation,1.0
131,5,9,Congruent,9_0.224_0.000.png,2.458076238632202,0.234,0.0,8.622641563415527,121.15595245361328,1.0,2.324134588241577,hidden,124.48008728027344,2.0,2.29850697517395,fixation,1.0
132,5,3,Medium,3_0.224_0.469.png,3.005002737045288,0.23,0.47,8.648269176483154,132.23666381835938,1.0,2.324134588241577,hidden,135.56080627441406,2.0,2.324134588241577,fixation,1.0
133,5,8,Medium,8_0.469_0.571.png,2.6619465351104736,0.477,0.581,8.381063222885132,143.8899383544922,1.0,2.324134588241577,hidden,147.21408081054688,2.0,2.0569286346435547,fixation,1.0
134,5,11,Incongruent,11_0.469_0.673.png,3.005002737045288,0.463,0.674,7.922355651855469,154.93295288085938,1.0,1.8466901779174805,hidden,157.77964782714844,2.0,2.0756654739379883,fixation,1.0
135,5,3,Medium,3_0.306_0.388.png,3.005002737045288,0.302,0.385,8.321914076805115,165.8603057861328,1.0,2.324134588241577,hidden,169.1844482421875,2.0,1.9977794885635376,fixation,1.0
136,5,1,Incongruent,1_0.347_0.184.png,2.4998674392700195,0.354,0.188,7.7349326610565186,177.18722534179688,1.0,2.0384418964385986,hidden,180.2256622314453,2.0,1.69649076461792,fixation,1.0
137,5,8,Medium,8_0.510_0.571.png,3.005002737045288,0.501,0.575,8.648269176483154,187.42202758789062,1.0,2.324134588241577,hidden,190.74615478515625,2.0,2.324134588241577,fixation,1.0
138,5,22,Incongruent,13b_0.735_0.714.png,2.9604263305664062,0.736,0.723,8.072651743888855,199.07530212402344,1.0,2.324134588241577,hidden,202.39942932128906,2.0,1.7485171556472778,fixation,1.0
139,5,11,Incongruent,11_0.143_0.816.png,3.005002737045288,0.135,0.817,7.800630331039429,210.10838317871094,1.0,2.1213486194610596,hidden,213.22972106933594,2.0,1.6792817115783691,fixation,1.0
140,5,1,Incongruent,1_0.510_0.041.png,3.005002737045288,0.518,0.044,7.6902337074279785,220.9140167236328,1.0,1.935621738433838,hidden,223.84962463378906,2.0,1.7546119689941406,fixation,1.0
141,5,9,Congruent,9_0.265_0.408.png,3.005002737045288,0.262,0.406,8.496697664260864,231.6092529296875,1.0,2.172563076019287,hidden,234.7818145751953,2.0,2.324134588241577,fixation,1.0
142,5,22,Incongruent,13b_0.714_0.878.png,3.005002737045288,0.712,0.881,7.945295572280884,243.11094665527344,1.0,2.324134588241577,hidden,246.43507385253906,2.0,1.6211609840393066,fixation,1.0
143,5,20,Medium,20_1.000_0.551.png,2.4649155139923096,1.0,0.552,8.325099229812622,254.06124877929688,1.0,2.000964641571045,hidden,257.06219482421875,2.0,2.324134588241577,fixation,1.0
144,5,9,Congruent,9_0.204_0.429.png,3.005002737045288,0.208,0.426,8.648269176483154,264.85125732421875,1.0,2.324134588241577,hidden,268.1753845214844,2.0,2.324134588241577,fixation,1.0
145,5,8,Medium,8_0.776_0.531.png,3.005002737045288,0.78,0.528,8.306016325950623,276.5045166015625,1.0,2.324134588241577,hidden,279.82867431640625,2.0,1.9818817377090454,fixation,1.0
146,5,2,Congruent,2_1.000_0.367.png,3.005002737045288,1.0,0.373,8.558042764663696,287.8155517578125,1.0,2.324134588241577,hidden,291.1396789550781,2.0,2.233908176422119,fixation,1.0
147,5,18,Congruent,18_0.102_0.306.png,2.5671396255493164,0.105,0.303,7.46146547794342,299.37860107421875,1.0,1.7505934238433838,hidden,302.1291809082031,2.0,1.7108720541000366,fixation,1.0
148,5,2,Congruent,2_0.592_0.224.png,2.424720525741577,0.59,0.22,8.028780102729797,309.4071960449219,1.0,1.7046455144882202,hidden,312.1118469238281,2.0,2.324134588241577,fixation,1.0
149,5,11,Incongruent,11_0.143_0.673.png,2.74593186378479,0.137,0.67,8.115061640739441,319.8606872558594,1.0,2.324134588241577,hidden,323.1848449707031,2.0,1.7909270524978638,fixation,1.0
150,6,8,Medium,8_0.571_0.857.png,3.005002737045288,0.571,0.852,8.648269176483154,0.0,1.0,2.324134588241577,hidden,3.324134588241577,2.0,2.324134588241577,fixation,1.0
151,6,18,Congruent,18_0.163_0.306.png,3.005002737045288,0.171,0.304,8.085654616355896,11.653271675109863,1.0,2.13761568069458,hidden,14.790887832641602,2.0,1.948038935661316,fixation,1.0
152,6,11,Incongruent,11_0.000_1.000.png,2.5910589694976807,0.0,1.0,8.226398587226868,22.743928909301758,1.0,2.324134588241577,hidden,26.068063735961914,2.0,1.9022639989852905,fixation,1.0
153,6,1,Incongruent,1_0.816_0.082.png,3.005002737045288,0.808,0.088,7.979747653007507,33.56138610839844,1.0,2.3160083293914795,hidden,36.87739562988281,2.0,1.6637393236160278,fixation,1.0
154,6,8,Medium,8_0.612_0.367.png,3.005002737045288,0.606,0.375,8.095386028289795,44.546138763427734,1.0,2.324134588241577,hidden,47.87027359008789,2.0,1.7712514400482178,fixation,1.0
155,6,11,Incongruent,11_0.000_0.388.png,3.005002737045288,0.0,0.383,8.648269176483154,55.64652633666992,1.0,2.324134588241577,hidden,58.97066116333008,2.0,2.324134588241577,fixation,1.0
156,6,1,Incongruent,1_0.571_0.061.png,2.9329140186309814,0.565,0.064,8.255722999572754,67.29979705810547,1.0,2.1175484657287598,hidden,70.41734313964844,2.0,2.138174533843994,fixation,1.0
157,6,22,Incongruent,13b_1.000_0.673.png,2.316946268081665,1.0,0.666,8.648269176483154,78.48843383789062,1.0,2.324134588241577,hidden,81.81256866455078,2.0,2.324134588241577,fixation,1.0
158,6,20,Medium,20_0.612_0.510.png,3.005002737045288,0.616,0.52,7.967365980148315,89.45365142822266,1.0,1.6432313919067383,hidden,92.09687805175781,2.0,2.324134588241577,fixation,1.0
159,6,1,Incongruent,1_0.633_0.265.png,3.005002737045288,0.636,0.255,8.53450083732605,100.42601776123047,1.0,2.2103662490844727,hidden,103.63638305664062,2.0,2.324134588241577,fixation,1.0
160,6,2,Congruent,2_0.857_0.245.png,3.005002737045288,0.855,0.239,8.648269176483154,111.96552276611328,1.0,2.324134588241577,hidden,115.28965759277344,2.0,2.324134588241577,fixation,1.0
161,6,3,Medium,3_0.469_0.306.png,3.005002737045288,0.476,0.303,8.648269176483154,123.6187973022461,1.0,2.324134588241577,hidden,126.94293212890625,2.0,2.324134588241577,fixation,1.0
162,6,8,Medium,8_0.939_0.714.png,2.8188838958740234,0.949,0.711,8.12168824672699,135.27206420898438,1.0,2.324134588241577,hidden,138.59620666503906,2.0,1.7975536584854126,fixation,1.0
163,6,18,Congruent,18_0.531_0.510.png,3.005002737045288,0.533,0.505,8.157843470573425,146.21263122558594,1.0,1.8712087869644165,hidden,149.08384704589844,2.0,2.286634683609009,fixation,1.0
164,6,9,Congruent,9_0.653_0.163.png,3.005002737045288,0.647,0.166,8.108291387557983,157.37548828125,1.0,1.8395140171051025,hidden,160.21499633789062,2.0,2.268777370452881,fixation,1.0
165,6,2,Congruent,2_0.633_0.184.png,2.9873733520507812,0.632,0.187,8.214480757713318,168.48878479003906,1.0,2.285975456237793,hidden,171.77474975585938,2.0,1.928505301475525,fixation,1.0
166,6,18,Congruent,18_0.286_0.061.png,3.005002737045288,0.293,0.054,8.087825894355774,179.6906280517578,1.0,1.9971450567245483,hidden,182.68777465820312,2.0,2.0906808376312256,fixation,1.0
167,6,3,Medium,3_0.531_0.306.png,2.7220163345336914,0.532,0.312,8.648269176483154,190.78346252441406,1.0,2.324134588241577,hidden,194.1075897216797,2.0,2.324134588241577,fixation,1.0
168,6,22,Incongruent,13b_0.878_0.694.png,3.005002737045288,0.887,0.7,8.107210755348206,202.15374755859375,1.0,2.324134588241577,hidden,205.47787475585938,2.0,1.7830761671066284,fixation,1.0
169,6,11,Incongruent,11_0.163_0.959.png,3.005002737045288,0.164,0.96,8.147295475006104,213.26596069335938,1.0,2.133981943130493,hidden,216.3999481201172,2.0,2.0133135318756104,fixation,1.0
170,6,9,Congruent,9_0.408_0.429.png,3.005002737045288,0.411,0.436,8.198538303375244,224.4182586669922,1.0,1.874403715133667,hidden,227.29266357421875,2.0,2.324134588241577,fixation,1.0
171,6,1,Incongruent,1_0.510_0.245.png,3.005002737045288,0.502,0.252,8.321131467819214,235.62179565429688,1.0,1.9969968795776367,hidden,238.61878967285156,2.0,2.324134588241577,fixation,1.0
172,6,3,Medium,3_0.510_0.490.png,3.005002737045288,0.518,0.48,7.891903281211853,246.94793701171875,1.0,2.0290777683258057,hidden,249.9770050048828,2.0,1.8628255128860474,fixation,1.0
173,6,20,Medium,20_0.551_0.367.png,3.005002737045288,0.556,0.368,8.447098970413208,257.8448486328125,1.0,2.324134588241577,hidden,261.1689758300781,2.0,2.122964382171631,fixation,1.0
174,6,2,Congruent,2_0.714_0.776.png,2.4922430515289307,0.707,0.776,8.5166916847229,269.29693603515625,1.0,2.324134588241577,hidden,272.6210632324219,2.0,2.1925570964813232,fixation,1.0
175,6,1,Incongruent,1_0.959_0.061.png,3.005002737045288,0.954,0.065,8.648269176483154,280.3058776855469,1.0,2.324134588241577,hidden,283.6300048828125,2.0,2.324134588241577,fixation,1.0
176,6,22,Incongruent,13b_0.571_0.429.png,2.5629971027374268,0.58,0.42,8.18460237979889,291.9591369628906,1.0,1.860467791557312,hidden,294.8196105957031,2.0,2.324134588241577,fixation,1.0
177,6,9,Congruent,9_0.204_0.388.png,3.005002737045288,0.207,0.382,8.648269176483154,302.7067565917969,1.0,2.324134588241577,hidden,306.0308837890625,2.0,2.324134588241577,fixation,1.0
178,6,20,Medium,20_0.816_0.592.png,3.005002737045288,0.818,0.593,7.995229721069336,314.3600158691406,1.0,2.324134588241577,hidden,317.68414306640625,2.0,1.6710951328277588,fixation,1.0
179,6,18,Congruent,18_0.347_0.306.png,2.9075677394866943,0.357,0.3,8.05115270614624,325.3602600097656,1.0,1.727018117904663,hidden,328.0872802734375,2.0,2.324134588241577,fixation,1.0
