trial_id,run_id,ObjectSpace,condition,image_file,iti,sampled_f0,sampled_f1,trial_duration_max,img_onset,img_dur,isi1_dur,isi1_type,dec_onset_est,max_dec_dur,isi2_dur,isi2_type,fb_dur
0,1,22,Incongruent,13b_0.918_0.735.png,1.2647583484649658,0.916,0.736,6.639267086982727,0.0,1.0,1.3200072050094604,hidden,2.32000732421875,2.0,1.3192598819732666,fixation,1.0
1,1,3,Medium,3_0.408_0.429.png,1.3062164783477783,0.416,0.422,6.197006940841675,7.904025554656982,1.0,1.191623568534851,hidden,10.095648765563965,2.0,1.0053833723068237,fixation,1.0
2,1,18,Congruent,18_0.531_0.327.png,1.4700124263763428,0.537,0.335,6.79917585849762,15.407248497009277,1.0,1.4521384239196777,hidden,17.859386444091797,2.0,1.347037434577942,fixation,1.0
3,1,2,Congruent,2_0.571_0.224.png,1.2276633977890015,0.579,0.228,6.5637794733047485,23.676437377929688,1.0,1.2478448152542114,hidden,25.92428207397461,2.0,1.315934658050537,fixation,1.0
4,1,1,Incongruent,1_0.612_0.286.png,1.1321406364440918,0.619,0.291,6.702942371368408,31.467880249023438,1.0,1.4180200099945068,hidden,33.88589859008789,2.0,1.2849223613739014,fixation,1.0
5,1,9,Congruent,9_0.367_0.490.png,1.4012352228164673,0.374,0.482,6.108081936836243,39.30296325683594,1.0,1.0902100801467896,hidden,41.39317321777344,2.0,1.0178718566894531,fixation,1.0
6,1,8,Medium,8_0.796_0.408.png,1.4728314876556396,0.804,0.406,6.731776714324951,46.812278747558594,1.0,1.3677691221237183,hidden,49.180049896240234,2.0,1.364007592201233,fixation,1.0
7,1,11,Incongruent,11_0.286_0.571.png,1.3606055974960327,0.282,0.565,6.441980957984924,55.01688766479492,1.0,1.3727463483810425,hidden,57.38963317871094,2.0,1.0692346096038818,fixation,1.0
8,1,20,Medium,20_1.000_0.245.png,1.3818551301956177,1.0,0.246,6.71956467628479,62.81947326660156,1.0,1.3450819253921509,hidden,65.16455841064453,2.0,1.3744827508926392,fixation,1.0
9,1,9,Congruent,9_0.286_0.143.png,1.2174912691116333,0.294,0.136,6.259323716163635,70.9208984375,1.0,1.2104593515396118,hidden,73.13135528564453,2.0,1.0488643646240234,fixation,1.0
10,1,1,Incongruent,1_0.714_0.612.png,1.341920018196106,0.721,0.619,6.435407280921936,78.39771270751953,1.0,1.125441551208496,hidden,80.52314758300781,2.0,1.30996572971344,fixation,1.0
11,1,11,Incongruent,11_0.102_0.837.png,1.3910856246948242,0.111,0.845,6.40445613861084,86.17503356933594,1.0,1.2154388427734375,hidden,88.39047241210938,2.0,1.1890172958374023,fixation,1.0
12,1,8,Medium,8_0.469_0.592.png,1.0887610912322998,0.461,0.591,6.729477405548096,93.9705810546875,1.0,1.4469232559204102,hidden,96.4175033569336,2.0,1.2825541496276855,fixation,1.0
13,1,9,Congruent,9_0.286_0.490.png,1.4792284965515137,0.284,0.483,6.174212217330933,101.788818359375,1.0,1.1496418714523315,hidden,103.93846130371094,2.0,1.024570345878601,fixation,1.0
14,1,2,Congruent,2_0.551_0.388.png,1.3378101587295532,0.546,0.389,6.472875356674194,109.4422607421875,1.0,1.3757760524749756,hidden,111.81803131103516,2.0,1.0970993041992188,fixation,1.0
15,1,8,Medium,8_0.510_0.245.png,1.2012625932693481,0.52,0.251,6.316321492195129,117.25294494628906,1.0,1.18153715133667,hidden,119.43447875976562,2.0,1.1347843408584595,fixation,1.0
16,1,20,Medium,20_0.204_0.000.png,1.113258719444275,0.211,0.009,6.344634294509888,124.7705307006836,1.0,1.01725172996521,hidden,126.78778076171875,2.0,1.3273825645446777,fixation,1.0
17,1,22,Incongruent,13b_0.714_0.510.png,1.4341684579849243,0.714,0.507,6.676770329475403,132.22842407226562,1.0,1.4545719623565674,hidden,134.68299865722656,2.0,1.2221983671188354,fixation,1.0
18,1,18,Congruent,18_0.020_0.143.png,1.2018417119979858,0.02,0.142,6.456510901451111,140.33935546875,1.0,1.196622371673584,hidden,142.53598022460938,2.0,1.2598885297775269,fixation,1.0
19,1,20,Medium,20_0.571_0.163.png,1.443991780281067,0.562,0.157,6.442469835281372,147.99771118164062,1.0,1.4101823568344116,hidden,150.40789794921875,2.0,1.0322874784469604,fixation,1.0
20,1,18,Congruent,18_0.449_0.449.png,1.1385399103164673,0.456,0.44,6.468433380126953,155.88417053222656,1.0,1.2937899827957153,hidden,158.17796325683594,2.0,1.1746433973312378,fixation,1.0
21,1,3,Medium,3_0.551_0.449.png,1.3258411884307861,0.55,0.453,6.718276262283325,163.49114990234375,1.0,1.363887071609497,hidden,165.85504150390625,2.0,1.3543891906738281,fixation,1.0
22,1,8,Medium,8_0.653_0.918.png,1.164668321609497,0.648,0.913,6.675477504730225,171.53526306152344,1.0,1.2983609437942505,hidden,173.8336181640625,2.0,1.3771165609359741,fixation,1.0
23,1,3,Medium,3_0.490_0.184.png,1.1099326610565186,0.499,0.187,6.750393033027649,179.3754119873047,1.0,1.3436906337738037,hidden,181.71910095214844,2.0,1.4067023992538452,fixation,1.0
24,1,1,Incongruent,1_0.612_0.224.png,1.3433642387390137,0.622,0.226,6.0916688442230225,187.23573303222656,1.0,1.0525935888290405,hidden,189.288330078125,2.0,1.039075255393982,fixation,1.0
25,1,2,Congruent,2_0.816_0.347.png,1.2084400653839111,0.824,0.342,6.16771674156189,194.6707763671875,1.0,1.171432375907898,hidden,196.8422088623047,2.0,0.9962843656539917,fixation,1.0
26,1,20,Medium,20_0.776_0.755.png,1.3905510902404785,0.781,0.755,6.3783875703811646,202.0469207763672,1.0,1.0747215747833252,hidden,204.12164306640625,2.0,1.3036659955978394,fixation,1.0
27,1,11,Incongruent,11_0.612_0.469.png,1.4458293914794922,0.609,0.46,6.344454288482666,209.81585693359375,1.0,1.1672030687332153,hidden,211.98306274414062,2.0,1.1772512197494507,fixation,1.0
28,1,22,Incongruent,13b_0.898_0.857.png,1.349696397781372,0.892,0.863,6.365692853927612,217.6061553955078,1.0,1.07061767578125,hidden,219.67677307128906,2.0,1.2950751781463623,fixation,1.0
29,1,2,Congruent,2_0.673_0.143.png,1.379785180091858,0.667,0.149,6.359668731689453,225.321533203125,1.0,1.314125418663025,hidden,227.6356658935547,2.0,1.0455433130264282,fixation,1.0
30,2,3,Medium,3_0.551_0.245.png,1.3751029968261719,0.561,0.244,6.346026659011841,0.0,1.0,1.281648874282837,hidden,2.281648874282837,2.0,1.064377784729004,fixation,1.0
31,2,1,Incongruent,1_0.796_0.306.png,1.3053869009017944,0.794,0.313,6.23527204990387,7.721129417419434,1.0,1.191407322883606,hidden,9.91253662109375,2.0,1.0438647270202637,fixation,1.0
32,2,11,Incongruent,11_0.082_0.633.png,1.47637140750885,0.079,0.634,6.685673356056213,15.261788368225098,1.0,1.3341773748397827,hidden,17.595966339111328,2.0,1.3514959812164307,fixation,1.0
33,2,9,Congruent,9_0.367_0.551.png,1.2029281854629517,0.364,0.541,6.54130494594574,23.4238338470459,1.0,1.3008193969726562,hidden,25.724653244018555,2.0,1.2404855489730835,fixation,1.0
34,2,22,Incongruent,13b_0.388_0.551.png,1.351825475692749,0.391,0.561,6.522783160209656,31.168066024780273,1.0,1.4492617845535278,hidden,33.61732864379883,2.0,1.073521375656128,fixation,1.0
35,2,18,Congruent,18_0.204_0.143.png,1.0800703763961792,0.196,0.148,6.630560874938965,39.04267501831055,1.0,1.2343188524246216,hidden,41.27699279785156,2.0,1.3962420225143433,fixation,1.0
36,2,2,Congruent,2_0.816_0.245.png,1.361993670463562,0.819,0.245,6.459837555885315,46.7533073425293,1.0,1.1031134128570557,hidden,48.85641860961914,2.0,1.3567241430282593,fixation,1.0
37,2,8,Medium,8_0.347_0.531.png,1.2139205932617188,0.355,0.526,6.591987490653992,54.575138092041016,1.0,1.2872694730758667,hidden,56.86240768432617,2.0,1.304718017578125,fixation,1.0
38,2,18,Congruent,18_0.469_0.531.png,1.4239825010299683,0.463,0.538,6.512359023094177,62.381046295166016,1.0,1.0658806562423706,hidden,64.44692993164062,2.0,1.4464783668518066,fixation,1.0
39,2,20,Medium,20_0.367_0.327.png,1.401176929473877,0.361,0.336,6.300492167472839,70.31739044189453,1.0,1.2205380201339722,hidden,72.53792572021484,2.0,1.0799541473388672,fixation,1.0
40,2,22,Incongruent,13b_0.571_0.429.png,1.1136016845703125,0.566,0.436,6.100430130958557,78.01905822753906,1.0,1.010117769241333,hidden,80.0291748046875,2.0,1.0903123617172241,fixation,1.0
41,2,9,Congruent,9_0.327_0.245.png,1.290703535079956,0.332,0.255,6.3344258069992065,85.23308563232422,1.0,1.3001989126205444,hidden,87.53328704833984,2.0,1.034226894378662,fixation,1.0
42,2,8,Medium,8_0.490_1.000.png,1.350779414176941,0.484,1.0,6.250210523605347,92.85821533203125,1.0,1.1640743017196655,hidden,95.02229309082031,2.0,1.0861362218856812,fixation,1.0
43,2,1,Incongruent,1_0.531_0.041.png,1.2428724765777588,0.524,0.046,6.7668761014938354,100.4592056274414,1.0,1.4287749528884888,hidden,102.88798522949219,2.0,1.3381011486053467,fixation,1.0
44,2,11,Incongruent,11_0.592_0.878.png,1.3788665533065796,0.595,0.869,6.204625964164734,108.46895599365234,1.0,1.024936556816101,hidden,110.49388885498047,2.0,1.1796894073486328,fixation,1.0
45,2,2,Congruent,2_0.735_0.102.png,1.0828447341918945,0.736,0.101,6.479392886161804,116.05245208740234,1.0,1.3746639490127563,hidden,118.42710876464844,2.0,1.1047289371490479,fixation,1.0
46,2,9,Congruent,9_0.878_0.551.png,1.474652647972107,0.868,0.557,6.272261738777161,123.61468505859375,1.0,1.2135193347930908,hidden,125.82820892333984,2.0,1.0587424039840698,fixation,1.0
47,2,20,Medium,20_0.898_0.143.png,1.1931782960891724,0.905,0.135,6.25144100189209,131.36160278320312,1.0,0.9918888807296753,hidden,133.35348510742188,2.0,1.2595521211624146,fixation,1.0
48,2,8,Medium,8_0.469_0.694.png,1.3148057460784912,0.467,0.686,6.21102237701416,138.80621337890625,1.0,1.2106962203979492,hidden,141.0169219970703,2.0,1.000326156616211,fixation,1.0
49,2,18,Congruent,18_0.449_0.204.png,1.3804175853729248,0.455,0.209,6.857879161834717,146.33204650878906,1.0,1.4556572437286377,hidden,148.78770446777344,2.0,1.402221918106079,fixation,1.0
50,2,20,Medium,20_0.878_0.143.png,1.2183030843734741,0.871,0.15,6.605075359344482,154.57034301757812,1.0,1.2304085493087769,hidden,156.80075073242188,2.0,1.3746668100357056,fixation,1.0
51,2,22,Incongruent,13b_0.735_0.755.png,1.3650050163269043,0.731,0.746,6.516049861907959,162.3937225341797,1.0,1.1457982063293457,hidden,164.53952026367188,2.0,1.3702516555786133,fixation,1.0
52,2,2,Congruent,2_0.653_0.102.png,1.2097300291061401,0.661,0.106,6.582648873329163,170.2747802734375,1.0,1.4217256307601929,hidden,172.69650268554688,2.0,1.1609232425689697,fixation,1.0
53,2,3,Medium,3_0.367_0.388.png,1.1475635766983032,0.366,0.389,6.102897644042969,178.06715393066406,1.0,1.1120036840438843,hidden,180.1791534423828,2.0,0.9908939599990845,fixation,1.0
54,2,2,Congruent,2_0.857_0.143.png,1.4106711149215698,0.851,0.137,6.657723546028137,185.31761169433594,1.0,1.4383553266525269,hidden,187.75596618652344,2.0,1.2193682193756104,fixation,1.0
55,2,11,Incongruent,11_0.306_0.878.png,1.3479124307632446,0.316,0.888,6.692997217178345,193.38601684570312,1.0,1.2768192291259766,hidden,195.66282653808594,2.0,1.4161779880523682,fixation,1.0
56,2,9,Congruent,9_0.408_0.571.png,1.477496862411499,0.401,0.561,6.517387747764587,201.4269256591797,1.0,1.2845039367675781,hidden,203.71142578125,2.0,1.2328838109970093,fixation,1.0
57,2,18,Congruent,18_0.000_0.265.png,1.3066208362579346,0.0,0.268,6.620811462402344,209.42181396484375,1.0,1.2536885738372803,hidden,211.6754913330078,2.0,1.3671228885650635,fixation,1.0
58,2,1,Incongruent,1_0.714_0.612.png,1.1047337055206299,0.712,0.622,6.348613023757935,217.3492431640625,1.0,1.209519863128662,hidden,219.5587615966797,2.0,1.1390931606292725,fixation,1.0
59,2,3,Medium,3_0.143_0.571.png,1.1098241806030273,0.149,0.572,6.526614665985107,224.80258178710938,1.0,1.1174389123916626,hidden,226.92002868652344,2.0,1.4091757535934448,fixation,1.0
60,3,8,Medium,8_0.612_0.694.png,1.214542031288147,0.613,0.696,6.574963688850403,0.0,1.0,1.3018001317977905,hidden,2.30180025100708,2.0,1.2731635570526123,fixation,1.0
61,3,9,Congruent,9_0.367_0.020.png,1.1205062866210938,0.364,0.012,6.497686266899109,7.789505958557129,1.0,1.0423414707183838,hidden,9.831847190856934,2.0,1.455344796180725,fixation,1.0
62,3,18,Congruent,18_0.122_0.469.png,1.360252022743225,0.127,0.463,6.465859413146973,15.407698631286621,1.0,1.1510053873062134,hidden,17.558704376220703,2.0,1.3148540258407593,fixation,1.0
63,3,20,Medium,20_0.796_0.265.png,1.2705167531967163,0.786,0.262,6.860120177268982,23.233810424804688,1.0,1.4319292306900024,hidden,25.665739059448242,2.0,1.4281909465789795,fixation,1.0
64,3,2,Congruent,2_0.571_0.551.png,1.2885981798171997,0.57,0.545,6.375526309013367,31.36444664001465,1.0,1.1532541513442993,hidden,33.5177001953125,2.0,1.2222721576690674,fixation,1.0
65,3,20,Medium,20_0.551_0.204.png,1.1473463773727417,0.549,0.201,6.55356752872467,39.02857208251953,1.0,1.2396091222763062,hidden,41.26818084716797,2.0,1.3139584064483643,fixation,1.0
66,3,22,Incongruent,13b_0.571_0.776.png,1.2505245208740234,0.574,0.782,6.790028810501099,46.72948455810547,1.0,1.4050490856170654,hidden,49.1345329284668,2.0,1.3849797248840332,fixation,1.0
67,3,8,Medium,8_0.592_0.653.png,1.4479248523712158,0.591,0.66,6.840801954269409,54.77003860473633,1.0,1.4063868522644043,hidden,57.17642593383789,2.0,1.4344151020050049,fixation,1.0
68,3,9,Congruent,9_0.163_0.633.png,1.3767166137695312,0.169,0.633,6.631271123886108,63.05876541137695,1.0,1.4322513341903687,hidden,65.49102020263672,2.0,1.1990197896957397,fixation,1.0
69,3,2,Congruent,2_0.612_0.571.png,1.254464864730835,0.604,0.563,6.540120959281921,71.0667495727539,1.0,1.4442622661590576,hidden,73.51101684570312,2.0,1.0958586931228638,fixation,1.0
70,3,11,Incongruent,11_0.122_0.510.png,1.376718521118164,0.116,0.513,6.229437708854675,78.86133575439453,1.0,1.0937143564224243,hidden,80.9550552368164,2.0,1.135723352432251,fixation,1.0
71,3,8,Medium,8_0.429_0.653.png,1.2329809665679932,0.428,0.661,6.449546217918396,86.46749877929688,1.0,1.2641247510910034,hidden,88.73162078857422,2.0,1.1854214668273926,fixation,1.0
72,3,2,Congruent,2_0.633_0.408.png,1.0933479070663452,0.628,0.399,6.227370500564575,94.1500244140625,1.0,1.1689074039459229,hidden,96.31893157958984,2.0,1.0584630966186523,fixation,1.0
73,3,8,Medium,8_0.816_0.347.png,1.2078207731246948,0.823,0.355,6.284410119056702,101.47074127197266,1.0,1.0196664333343506,hidden,103.49040985107422,2.0,1.264743685722351,fixation,1.0
74,3,18,Congruent,18_0.000_0.510.png,1.098433017730713,0.0,0.505,6.46103572845459,108.96297454833984,1.0,1.2006314992904663,hidden,111.16360473632812,2.0,1.2604042291641235,fixation,1.0
75,3,1,Incongruent,1_0.980_0.531.png,1.4787145853042603,0.97,0.522,6.24526059627533,116.5224380493164,1.0,1.0219807624816895,hidden,118.54441833496094,2.0,1.2232798337936401,fixation,1.0
76,3,3,Medium,3_0.306_0.367.png,1.2066795825958252,0.305,0.376,6.547178387641907,124.24641418457031,1.0,1.3888254165649414,hidden,126.63523864746094,2.0,1.1583529710769653,fixation,1.0
77,3,18,Congruent,18_0.306_0.327.png,1.345557451248169,0.297,0.325,6.832029104232788,132.00027465820312,1.0,1.4465878009796143,hidden,134.4468536376953,2.0,1.3854413032531738,fixation,1.0
78,3,11,Incongruent,11_0.163_0.653.png,1.3868858814239502,0.162,0.659,6.733133435249329,140.1778564453125,1.0,1.3303941488265991,hidden,142.5082550048828,2.0,1.4027392864227295,fixation,1.0
79,3,22,Incongruent,13b_0.898_0.490.png,1.2767704725265503,0.894,0.495,6.235595345497131,148.29788208007812,1.0,1.0605074167251587,hidden,150.35838317871094,2.0,1.1750879287719727,fixation,1.0
80,3,20,Medium,20_0.918_0.020.png,1.1765450239181519,0.917,0.02,6.398630738258362,155.81024169921875,1.0,1.357500433921814,hidden,158.16773986816406,2.0,1.0411303043365479,fixation,1.0
81,3,3,Medium,3_0.204_0.000.png,1.4297983646392822,0.21,0.0,6.855490684509277,163.3854217529297,1.0,1.4134777784347534,hidden,165.7989044189453,2.0,1.442012906074524,fixation,1.0
82,3,22,Incongruent,13b_0.490_0.735.png,1.456128478050232,0.491,0.728,6.5815749168396,171.67071533203125,1.0,1.2190707921981812,hidden,173.88978576660156,2.0,1.3625041246414185,fixation,1.0
83,3,9,Congruent,9_0.102_0.286.png,1.3756736516952515,0.111,0.287,6.704034805297852,179.7084197998047,1.0,1.3332453966140747,hidden,182.04165649414062,2.0,1.3707894086837769,fixation,1.0
84,3,1,Incongruent,1_0.633_0.082.png,1.4445338249206543,0.636,0.088,6.282642483711243,187.78811645507812,1.0,1.2580606937408447,hidden,190.0461883544922,2.0,1.024581789970398,fixation,1.0
85,3,11,Incongruent,11_0.306_0.755.png,1.4695909023284912,0.296,0.761,6.635943412780762,195.5153045654297,1.0,1.3256982564926147,hidden,197.84100341796875,2.0,1.310245156288147,fixation,1.0
86,3,3,Medium,3_0.367_0.449.png,1.2448216676712036,0.367,0.449,6.288005352020264,203.62083435058594,1.0,1.2553284168243408,hidden,205.87615966796875,2.0,1.0326769351959229,fixation,1.0
87,3,20,Medium,20_0.347_0.082.png,1.4294843673706055,0.348,0.085,6.580942273139954,211.15365600585938,1.0,1.12760329246521,hidden,213.28126525878906,2.0,1.4533389806747437,fixation,1.0
88,3,1,Incongruent,1_0.306_0.122.png,1.2014856338500977,0.312,0.129,6.1441110372543335,219.16409301757812,1.0,1.143091082572937,hidden,221.3071746826172,2.0,1.0010199546813965,fixation,1.0
89,3,22,Incongruent,13b_0.510_0.551.png,1.251116156578064,0.514,0.544,6.5442646741867065,226.5096893310547,1.0,1.4003185033798218,hidden,228.91000366210938,2.0,1.1439461708068848,fixation,1.0
90,4,9,Congruent,9_0.408_0.265.png,1.1249061822891235,0.401,0.261,6.284254431724548,0.0,1.0,1.2197380065917969,hidden,2.219738006591797,2.0,1.0645164251327515,fixation,1.0
91,4,3,Medium,3_0.367_0.041.png,1.2213658094406128,0.359,0.043,6.092381119728088,7.409160614013672,1.0,1.0927250385284424,hidden,9.501885414123535,2.0,0.999656081199646,fixation,1.0
92,4,20,Medium,20_0.531_0.449.png,1.1762160062789917,0.539,0.458,6.283203482627869,14.722908020019531,1.0,1.185349464416504,hidden,16.90825653076172,2.0,1.0978540182113647,fixation,1.0
93,4,2,Congruent,2_0.592_0.408.png,1.1937028169631958,0.589,0.399,6.330630779266357,22.182327270507812,1.0,1.1235123872756958,hidden,24.30583953857422,2.0,1.2071183919906616,fixation,1.0
94,4,11,Incongruent,11_0.265_0.612.png,1.3821834325790405,0.262,0.622,6.45780086517334,29.706661224365234,1.0,1.0552363395690918,hidden,31.76189613342285,2.0,1.402564525604248,fixation,1.0
95,4,1,Incongruent,1_0.735_0.327.png,1.4284826517105103,0.734,0.318,6.772942423820496,37.54664611816406,1.0,1.4180328845977783,hidden,39.96467590332031,2.0,1.3549095392227173,fixation,1.0
96,4,18,Congruent,18_0.061_0.306.png,1.3896766901016235,0.059,0.297,6.486173391342163,45.748069763183594,1.0,1.1439251899719238,hidden,47.89199447631836,2.0,1.3422482013702393,fixation,1.0
97,4,20,Medium,20_0.347_0.184.png,1.3246289491653442,0.352,0.191,6.437869906425476,53.62392044067383,1.0,1.4142849445343018,hidden,56.038204193115234,2.0,1.0235849618911743,fixation,1.0
98,4,2,Congruent,2_0.735_0.143.png,1.4309360980987549,0.743,0.141,6.620743989944458,61.386417388916016,1.0,1.3255733251571655,hidden,63.71199035644531,2.0,1.2951706647872925,fixation,1.0
99,4,11,Incongruent,11_0.388_0.490.png,1.2057214975357056,0.393,0.498,6.3126819133758545,69.43810272216797,1.0,1.0665243864059448,hidden,71.50462341308594,2.0,1.2461575269699097,fixation,1.0
100,4,3,Medium,3_0.367_0.143.png,1.208778977394104,0.374,0.15,6.559712767601013,76.95650482177734,1.0,1.1260594129562378,hidden,79.08256530761719,2.0,1.4336533546447754,fixation,1.0
101,4,2,Congruent,2_0.469_0.531.png,1.089423418045044,0.473,0.523,6.461049914360046,84.72499084472656,1.0,1.2484612464904785,hidden,86.97345733642578,2.0,1.2125886678695679,fixation,1.0
102,4,11,Incongruent,11_0.367_0.571.png,1.3381553888320923,0.363,0.564,6.563608884811401,92.27546691894531,1.0,1.4571794271469116,hidden,94.73265075683594,2.0,1.1064294576644897,fixation,1.0
103,4,9,Congruent,9_0.122_0.143.png,1.0983867645263672,0.127,0.151,6.365273118019104,100.17723083496094,1.0,1.098207712173462,hidden,102.27543640136719,2.0,1.267065405845642,fixation,1.0
104,4,3,Medium,3_0.510_0.204.png,1.31734299659729,0.501,0.195,6.418597102165222,107.6408920288086,1.0,1.0777459144592285,hidden,109.71863555908203,2.0,1.3408511877059937,fixation,1.0
105,4,8,Medium,8_0.592_0.694.png,1.3399486541748047,0.596,0.687,6.223072171211243,115.3768310546875,1.0,1.153549075126648,hidden,117.53038024902344,2.0,1.0695230960845947,fixation,1.0
106,4,22,Incongruent,13b_0.490_0.408.png,1.2854466438293457,0.489,0.411,6.421088457107544,122.93984985351562,1.0,1.2315794229507446,hidden,125.17143249511719,2.0,1.1895090341567993,fixation,1.0
107,4,1,Incongruent,1_1.000_0.633.png,1.1218547821044922,0.994,0.632,6.27990198135376,130.64639282226562,1.0,1.198656439781189,hidden,132.8450469970703,2.0,1.0812455415725708,fixation,1.0
108,4,18,Congruent,18_0.408_0.388.png,1.3595465421676636,0.404,0.395,6.347760081291199,138.0481414794922,1.0,1.057475209236145,hidden,140.10562133789062,2.0,1.2902848720550537,fixation,1.0
109,4,11,Incongruent,11_0.204_0.633.png,1.3798490762710571,0.211,0.641,6.484126687049866,145.7554473876953,1.0,1.3950004577636719,hidden,148.15045166015625,2.0,1.0891262292861938,fixation,1.0
110,4,1,Incongruent,1_0.347_0.102.png,1.465029239654541,0.342,0.107,6.295551180839539,153.6194305419922,1.0,1.1603659391403198,hidden,155.77978515625,2.0,1.1351852416992188,fixation,1.0
111,4,22,Incongruent,13b_0.939_0.367.png,1.3832981586456299,0.934,0.363,6.3991334438323975,161.3800048828125,1.0,1.0895925760269165,hidden,163.4696044921875,2.0,1.309540867805481,fixation,1.0
112,4,8,Medium,8_0.510_0.490.png,1.1662192344665527,0.514,0.497,6.372955799102783,169.16244506835938,1.0,1.32523775100708,hidden,171.4876708984375,2.0,1.0477180480957031,fixation,1.0
113,4,20,Medium,20_0.531_0.265.png,1.1791163682937622,0.533,0.26,6.396836280822754,176.7016143798828,1.0,1.274712324142456,hidden,178.97633361816406,2.0,1.1221239566802979,fixation,1.0
114,4,9,Congruent,9_0.265_0.429.png,1.3303569555282593,0.271,0.434,6.150503158569336,184.27757263183594,1.0,1.0578441619873047,hidden,186.3354034423828,2.0,1.0926589965820312,fixation,1.0
115,4,8,Medium,8_0.612_0.673.png,1.3693119287490845,0.618,0.671,6.498135328292847,191.7584228515625,1.0,1.29979407787323,hidden,194.0582275390625,2.0,1.1983412504196167,fixation,1.0
116,4,3,Medium,3_0.551_0.347.png,1.260107398033142,0.552,0.344,6.35999321937561,199.62586975097656,1.0,1.2838447093963623,hidden,201.9097137451172,2.0,1.076148509979248,fixation,1.0
117,4,18,Congruent,18_0.429_0.490.png,1.3545312881469727,0.421,0.491,6.342909216880798,207.2459716796875,1.0,1.3346561193466187,hidden,209.58062744140625,2.0,1.0082530975341797,fixation,1.0
118,4,3,Medium,3_0.306_0.449.png,1.2458107471466064,0.307,0.442,6.177987098693848,214.94342041015625,1.0,1.1661981344223022,hidden,217.109619140625,2.0,1.0117889642715454,fixation,1.0
119,4,22,Incongruent,13b_0.694_0.449.png,1.3694043159484863,0.691,0.455,6.258658409118652,222.36721801757812,1.0,1.0695269107818604,hidden,224.43673706054688,2.0,1.189131498336792,fixation,1.0
120,5,1,Incongruent,1_0.592_0.020.png,1.2245937585830688,0.583,0.011,6.390186667442322,0.0,1.0,1.2731852531433105,hidden,2.2731852531433105,2.0,1.1170014142990112,fixation,1.0
121,5,18,Congruent,18_0.265_0.510.png,1.1923189163208008,0.255,0.51,6.839812517166138,7.614780426025391,1.0,1.4470492601394653,hidden,10.061829566955566,2.0,1.3927632570266724,fixation,1.0
122,5,22,Incongruent,13b_0.367_0.837.png,1.2599613666534424,0.373,0.839,6.5040494203567505,15.64691162109375,1.0,1.1991169452667236,hidden,17.84602928161621,2.0,1.3049324750900269,fixation,1.0
123,5,2,Congruent,2_0.714_0.000.png,1.1734565496444702,0.719,0.0,6.700620532035828,23.41092300415039,1.0,1.3196415901184082,hidden,25.73056411743164,2.0,1.3809789419174194,fixation,1.0
124,5,18,Congruent,18_0.224_0.347.png,1.288852572441101,0.217,0.345,6.419896960258484,31.28499984741211,1.0,1.3271092176437378,hidden,33.61211013793945,2.0,1.092787742614746,fixation,1.0
125,5,22,Incongruent,13b_0.551_0.224.png,1.4221789836883545,0.547,0.233,6.2591094970703125,38.99374771118164,1.0,1.1186350584030151,hidden,41.11238479614258,2.0,1.1404744386672974,fixation,1.0
126,5,3,Medium,3_0.347_0.204.png,1.423576831817627,0.347,0.204,6.407066583633423,46.6750373840332,1.0,1.0996568202972412,hidden,48.774696350097656,2.0,1.3074097633361816,fixation,1.0
127,5,20,Medium,20_0.735_0.408.png,1.3956371545791626,0.735,0.403,6.102368116378784,54.505680084228516,1.0,1.0647073984146118,hidden,56.57038879394531,2.0,1.0376607179641724,fixation,1.0
128,5,11,Incongruent,11_0.204_0.531.png,1.106164813041687,0.2,0.525,6.438708782196045,62.003684997558594,1.0,1.3424688577651978,hidden,64.34615325927734,2.0,1.0962399244308472,fixation,1.0
129,5,9,Congruent,9_0.245_0.041.png,1.12835693359375,0.252,0.04,6.330096006393433,69.5485610961914,1.0,1.1533058881759644,hidden,71.70186614990234,2.0,1.1767901182174683,fixation,1.0
130,5,20,Medium,20_0.714_0.429.png,1.3352959156036377,0.713,0.421,6.368547201156616,77.00701141357422,1.0,1.2651245594024658,hidden,79.27214050292969,2.0,1.1034226417541504,fixation,1.0
131,5,9,Congruent,9_0.224_0.000.png,1.3419685363769531,0.234,0.0,6.462448358535767,84.71085357666016,1.0,1.0947715044021606,hidden,86.80562591552734,2.0,1.367676854133606,fixation,1.0
132,5,3,Medium,3_0.224_0.469.png,1.1536656618118286,0.23,0.47,6.706260085105896,92.51527404785156,1.0,1.2922379970550537,hidden,94.80751037597656,2.0,1.4140220880508423,fixation,1.0
133,5,8,Medium,8_0.469_0.571.png,1.2988539934158325,0.477,0.581,6.365997314453125,100.37519836425781,1.0,1.2165164947509766,hidden,102.59171295166016,2.0,1.1494808197021484,fixation,1.0
134,5,11,Incongruent,11_0.469_0.673.png,1.3213775157928467,0.463,0.674,6.747874021530151,108.04004669189453,1.0,1.3878509998321533,hidden,110.42790222167969,2.0,1.360023021697998,fixation,1.0
135,5,3,Medium,3_0.306_0.388.png,1.3505737781524658,0.302,0.385,6.672955632209778,116.10929870605469,1.0,1.4574544429779053,hidden,118.56675720214844,2.0,1.2155011892318726,fixation,1.0
136,5,1,Incongruent,1_0.347_0.184.png,1.474029779434204,0.354,0.188,6.619495511054993,124.13282775878906,1.0,1.210817813873291,hidden,126.3436508178711,2.0,1.4086776971817017,fixation,1.0
137,5,8,Medium,8_0.510_0.571.png,1.192370891571045,0.501,0.575,6.603347301483154,132.22634887695312,1.0,1.3435299396514893,hidden,134.56988525390625,2.0,1.259817361831665,fixation,1.0
138,5,22,Incongruent,13b_0.735_0.714.png,1.4641048908233643,0.736,0.723,6.329959273338318,140.02207946777344,1.0,1.291808009147644,hidden,142.3138885498047,2.0,1.0381512641906738,fixation,1.0
139,5,11,Incongruent,11_0.143_0.816.png,1.2855726480484009,0.135,0.817,6.762506604194641,147.81613159179688,1.0,1.4445476531982422,hidden,150.26068115234375,2.0,1.317958950996399,fixation,1.0
140,5,1,Incongruent,1_0.510_0.041.png,1.239638328552246,0.518,0.044,6.565889596939087,155.8642120361328,1.0,1.2314331531524658,hidden,158.0956573486328,2.0,1.334456443786621,fixation,1.0
141,5,9,Congruent,9_0.265_0.408.png,1.109519362449646,0.262,0.406,6.462623596191406,163.66973876953125,1.0,1.4301495552062988,hidden,166.0998992919922,2.0,1.0324740409851074,fixation,1.0
142,5,22,Incongruent,13b_0.714_0.878.png,1.3859519958496094,0.712,0.881,6.4166412353515625,171.24188232421875,1.0,1.3687663078308105,hidden,173.61065673828125,2.0,1.047874927520752,fixation,1.0
143,5,20,Medium,20_1.000_0.551.png,1.351420283317566,1.0,0.552,6.291828155517578,179.0444793701172,1.0,1.2604478597640991,hidden,181.304931640625,2.0,1.031380295753479,fixation,1.0
144,5,9,Congruent,9_0.204_0.429.png,1.1632111072540283,0.208,0.426,6.734224557876587,186.68772888183594,1.0,1.4073692560195923,hidden,189.0950927734375,2.0,1.3268553018569946,fixation,1.0
145,5,8,Medium,8_0.776_0.531.png,1.2989999055862427,0.78,0.528,6.522577404975891,194.5851593017578,1.0,1.411509394645691,hidden,196.99667358398438,2.0,1.1110680103302002,fixation,1.0
146,5,2,Congruent,2_1.000_0.367.png,1.2672474384307861,1.0,0.373,6.446048140525818,202.40673828125,1.0,1.2891250848770142,hidden,204.69586181640625,2.0,1.1569230556488037,fixation,1.0
147,5,18,Congruent,18_0.102_0.306.png,1.3190633058547974,0.105,0.303,6.613205552101135,210.1200408935547,1.0,1.2097822427749634,hidden,212.32981872558594,2.0,1.4034233093261719,fixation,1.0
148,5,2,Congruent,2_0.592_0.224.png,1.461948037147522,0.59,0.22,6.291507601737976,218.05230712890625,1.0,1.1078174114227295,hidden,220.16012573242188,2.0,1.1836901903152466,fixation,1.0
149,5,11,Incongruent,11_0.143_0.673.png,1.4462254047393799,0.137,0.67,6.886490821838379,225.80577087402344,1.0,1.4432926177978516,hidden,228.24905395507812,2.0,1.4431982040405273,fixation,1.0
150,6,8,Medium,8_0.571_0.857.png,1.2733761072158813,0.571,0.852,6.834482908248901,0.0,1.0,1.3800140619277954,hidden,2.380013942718506,2.0,1.454468846321106,fixation,1.0
151,6,18,Congruent,18_0.163_0.306.png,1.124070644378662,0.171,0.304,6.331212759017944,8.107858657836914,1.0,1.2291477918624878,hidden,10.337006568908691,2.0,1.1020649671554565,fixation,1.0
152,6,11,Incongruent,11_0.000_1.000.png,1.423641562461853,0.0,1.0,6.663227081298828,15.563142776489258,1.0,1.4466898441314697,hidden,18.00983238220215,2.0,1.2165372371673584,fixation,1.0
153,6,1,Incongruent,1_0.816_0.082.png,1.2487425804138184,0.808,0.088,6.055944561958313,23.65001106262207,1.0,1.037419319152832,hidden,25.68743133544922,2.0,1.018525242805481,fixation,1.0
154,6,8,Medium,8_0.612_0.367.png,1.225328803062439,0.606,0.375,6.117135167121887,30.95469856262207,1.0,1.0382133722305298,hidden,32.99291229248047,2.0,1.0789217948913574,fixation,1.0
155,6,11,Incongruent,11_0.000_0.388.png,1.2529603242874146,0.0,0.383,6.5056761503219604,38.29716110229492,1.0,1.109218716621399,hidden,40.40637969970703,2.0,1.3964574337005615,fixation,1.0
156,6,1,Incongruent,1_0.571_0.061.png,1.3868716955184937,0.565,0.064,6.451559782028198,46.0557975769043,1.0,1.1822394132614136,hidden,48.238037109375,2.0,1.2693203687667847,fixation,1.0
157,6,22,Incongruent,13b_1.000_0.673.png,1.481805443763733,1.0,0.666,6.461254596710205,53.894229888916016,1.0,1.0668400526046753,hidden,55.9610710144043,2.0,1.3944145441055298,fixation,1.0
158,6,20,Medium,20_0.612_0.510.png,1.3979873657226562,0.616,0.52,6.608415842056274,61.8372917175293,1.0,1.379348874092102,hidden,64.21663665771484,2.0,1.2290669679641724,fixation,1.0
159,6,1,Incongruent,1_0.633_0.265.png,1.189884901046753,0.636,0.255,6.4062628746032715,69.84369659423828,1.0,1.389511227607727,hidden,72.23320770263672,2.0,1.0167516469955444,fixation,1.0
160,6,2,Congruent,2_0.857_0.245.png,1.214845895767212,0.855,0.239,6.4768067598342896,77.4398422241211,1.0,1.136865496635437,hidden,79.57670593261719,2.0,1.3399412631988525,fixation,1.0
161,6,3,Medium,3_0.469_0.306.png,1.467355489730835,0.476,0.303,6.271890163421631,85.1314926147461,1.0,1.215095043182373,hidden,87.34658813476562,2.0,1.0567951202392578,fixation,1.0
162,6,8,Medium,8_0.939_0.714.png,1.2105339765548706,0.949,0.711,6.546783208847046,92.87074279785156,1.0,1.0879135131835938,hidden,94.95865631103516,2.0,1.4588696956634521,fixation,1.0
163,6,18,Congruent,18_0.531_0.510.png,1.2129144668579102,0.533,0.505,6.307606816291809,100.62805938720703,1.0,1.055154800415039,hidden,102.68321228027344,2.0,1.25245201587677,fixation,1.0
164,6,9,Congruent,9_0.653_0.163.png,1.3989876508712769,0.647,0.166,6.416258096694946,108.14857482910156,1.0,1.2652279138565063,hidden,110.41380310058594,2.0,1.15103018283844,fixation,1.0
165,6,2,Congruent,2_0.633_0.184.png,1.4727052450180054,0.632,0.187,6.156689643859863,115.96382141113281,1.0,1.0551135540008545,hidden,118.01893615722656,2.0,1.1015760898590088,fixation,1.0
166,6,18,Congruent,18_0.286_0.061.png,1.1918861865997314,0.293,0.054,6.484551548957825,123.59321594238281,1.0,1.1311148405075073,hidden,125.72433471679688,2.0,1.3534367084503174,fixation,1.0
167,6,3,Medium,3_0.531_0.306.png,1.479859709739685,0.532,0.312,6.217693448066711,131.2696533203125,1.0,1.1750608682632446,hidden,133.44471740722656,2.0,1.0426325798034668,fixation,1.0
168,6,22,Incongruent,13b_0.878_0.694.png,1.1872780323028564,0.887,0.7,6.489423513412476,138.9672088623047,1.0,1.4276989698410034,hidden,141.39491271972656,2.0,1.0617245435714722,fixation,1.0
169,6,11,Incongruent,11_0.163_0.959.png,1.424903392791748,0.164,0.96,6.477662086486816,146.64390563964844,1.0,1.386209487915039,hidden,149.03012084960938,2.0,1.0914525985717773,fixation,1.0
170,6,9,Congruent,9_0.408_0.429.png,1.4220170974731445,0.411,0.436,6.675259709358215,154.54647827148438,1.0,1.291961908340454,hidden,156.83843994140625,2.0,1.3832978010177612,fixation,1.0
171,6,1,Incongruent,1_0.510_0.245.png,1.2696963548660278,0.502,0.252,6.293854355812073,162.6437530517578,1.0,1.0366954803466797,hidden,164.68045043945312,2.0,1.257158875465393,fixation,1.0
172,6,3,Medium,3_0.510_0.490.png,1.483474850654602,0.518,0.48,6.619999647140503,170.20730590820312,1.0,1.4368358850479126,hidden,172.64413452148438,2.0,1.1831637620925903,fixation,1.0
173,6,20,Medium,20_0.551_0.367.png,1.474776029586792,0.556,0.368,6.743605375289917,178.31077575683594,1.0,1.299662470817566,hidden,180.61044311523438,2.0,1.443942904472351,fixation,1.0
174,6,2,Congruent,2_0.714_0.776.png,1.3576375246047974,0.707,0.776,6.481658220291138,186.52915954589844,1.0,1.3224200010299683,hidden,188.85157775878906,2.0,1.1592382192611694,fixation,1.0
175,6,1,Incongruent,1_0.959_0.061.png,1.2745314836502075,0.954,0.065,6.450624942779541,194.3684539794922,1.0,1.0576614141464233,hidden,196.42611694335938,2.0,1.3929635286331177,fixation,1.0
176,6,22,Incongruent,13b_0.571_0.429.png,1.431634783744812,0.58,0.42,6.455080986022949,202.09361267089844,1.0,1.1445086002349854,hidden,204.2381134033203,2.0,1.3105723857879639,fixation,1.0
177,6,9,Congruent,9_0.204_0.388.png,1.3509163856506348,0.207,0.382,6.362711668014526,209.98033142089844,1.0,1.0067616701126099,hidden,211.98709106445312,2.0,1.3559499979019165,fixation,1.0
178,6,20,Medium,20_0.816_0.592.png,1.1745909452438354,0.818,0.593,6.817070722579956,217.69395446777344,1.0,1.4243420362472534,hidden,220.11830139160156,2.0,1.3927286863327026,fixation,1.0
179,6,18,Congruent,18_0.347_0.306.png,1.2761235237121582,0.357,0.3,6.427000522613525,225.6856231689453,1.0,1.2275036573410034,hidden,227.91311645507812,2.0,1.199496865272522,fixation,1.0
